Prof Ht
57
67
68
69
69
67
69
69
67
70
69
66
66
68
66
61
70
69
68
65
66
67
68
66
69
64
68
69
72
68
69
66
66
67
66
68
69
69
70
66
70
65
69
66
66
70
70
66
65
65
56
66
68
66
70
70
71
60
70
66
71
68
69
68
67
60
68
66
56
67
70
68
66
69
68
70
71
65
70
67
67
69
68
68
65
68
68
70
66
68
67
68
74
67
68
65
65
68
68
67
60
68
66
66
67
69
72
67
70
69
68
70
67
68
69
67
64
65
68
66
66
68
70
67
69
65
66
67
68
70
70
69
65
62
72
68
72
69
67
68
67
66
69
70
66
71
56
68
67
66
69
68
65
67
70
64
68
67
64
71
70
65
67
70
67
68
68
69
67
68
69
66
67
58
68
68
68
68
67
69
65
66
67
67
69
65
67
68
66
